 <pre>

 Contingency table for Low clouds (octas)
 Selection: ALL    594 stations
Period: 20220201-20220206
Used {All hours} + 00 01 ... 09
 Limits    1.00000000       2.00000000       3.00000000       4.00000000       5.00000000       6.00000000       7.00000000    
 Each class is data <= limit, the very last > last limit
 Total number of values      434136
                                              OBSERVATION
                                  35794     5323     5442     3584     3980     3692     9380    15453 |     82648
                                   4630     1144     1233      916     1094     1102     2709     5486 |     18314
                                   3444      858     1032      744      898      972     2313     4806 |     15067
                    mnwc_preop     2831      791      939      648      772      826     2154     4447 |     13408
                                   2633      844      901      635      801      915     2263     4658 |     13650
                                   2360      882      986      677      909     1054     2534     5401 |     14803
                                   2630     1189     1249     1020     1267     1502     3681     7653 |     20191
                                  11208     9950    12161    10210    13881    17974    55791   124880 |    256055

                    SUM           65530    20981    23943    18434    23602    28037    80825   172784 |    434136
                                              OBSERVATION
                                  32742     5328     5348     3680     3975     3650     8467    12870 |     76060
                                   4596     1155     1229      874     1055     1185     2759     5118 |     17971
                                   3697      911     1102      713      881      970     2365     4520 |     15159
                 mnwc_pysurfex     3132      808      957      677      820      960     2139     4449 |     13942
                                   2924      849      928      639      863      950     2306     4654 |     14113
                                   2569      927     1003      714      931     1056     2637     5472 |     15309
                                   2976     1286     1344     1016     1261     1524     3859     7438 |     20704
                                  12894     9717    12032    10121    13816    17742    56293   128263 |    260878

                    SUM           65530    20981    23943    18434    23602    28037    80825   172784 |    434136

