 <pre>

 Contingency table for Cloud cover (octas)
 Selection: ALL    373 stations
Period: 20220201-20220206
Used {All hours} + 00 01 ... 09
 Limits   0.500000000       1.50000000       2.50000000       3.50000000       4.50000000       5.50000000       6.50000000       7.50000000    
 Each class is data <= limit, the very last > last limit
 Total number of values      305207
                                                       OBSERVATION
                                   3538     1040      918      996      775      875     1035     2277     2991 |     14445
                                   1042      438      396      496      371      519      801     1994     3059 |      9116
                                    508      252      255      283      257      384      584     1525     2606 |      6654
                                    376      211      216      253      201      291      453     1304     2463 |      5768
                    mnwc_preop      323      219      173      242      203      294      473     1368     2592 |      5887
                                    267      198      184      235      198      332      522     1624     2997 |      6557
                                    340      215      235      281      260      374      582     2028     3841 |      8156
                                    502      292      345      355      353      670     1041     3549     7363 |     14470
                                   2019     1830     1694     2027     2250     4037     7054    56408   156835 |    234154

                    SUM            8915     4695     4416     5168     4868     7776    12545    72077   184747 |    305207
                                                       OBSERVATION
                                   3359     1023      916     1008      788      924     1109     2548     3112 |     14787
                                   1044      452      413      539      382      532      807     2108     3200 |      9477
                                    529      255      238      286      248      409      624     1685     2585 |      6859
                                    337      216      223      235      206      336      464     1467     2481 |      5965
                 mnwc_pysurfex      307      218      178      254      210      283      496     1451     2550 |      5947
                                    302      184      200      236      200      306      514     1532     2919 |      6393
                                    357      199      194      259      250      395      591     2157     3858 |      8260
                                    445      321      348      365      372      644     1054     3680     7389 |     14618
                                   2235     1827     1706     1986     2212     3947     6886    55449   156653 |    232901

                    SUM            8915     4695     4416     5168     4868     7776    12545    72077   184747 |    305207

