 <pre>

 Contingency table for Cloud base (m)
 Selection: ALL    600 stations
Period: 20220201-20220206
Used {All hours} + 00 01 ... 09
 Limits    70.0000000       150.000000       300.000000       600.000000       1000.00000       1500.00000       2500.00000       5000.00000    
 Each class is data <= limit, the very last > last limit
 Total number of values      427878
                                                       OBSERVATION
                                   4777     5550     2233      668      175       80       52       47      173 |     13755
                                   2178     7652     6159     1417      383      137       77      152      150 |     18305
                                   1477     9424    20395    10877     1991      793      405      316      300 |     45978
                                   1471     4576    25516    44427    14751     3306     1349     1538      737 |     97671
                    mnwc_preop      912     1777     6963    16847    21960     5908     1922     2061     1754 |     60104
                                    395      621     2866     8425     9443     6697     2518     1422     1161 |     33548
                                    251      340     1541     3915     4010     2216     2208      753      356 |     15590
                                    235      442     2179     3536     3302     1724     1677     2289      502 |     15886
                                   3597     5226    10042    21240    26139    14174    10061    17426    19136 |    127041

                    SUM           15293    35608    77894   111352    82154    35035    20269    26004    24269 |    427878
                                                       OBSERVATION
                                   5612     6371     2360      710      303      147       97      212      383 |     16195
                                   2371     8323     6495     1562      524      215      153      319      317 |     20279
                                   1441     9514    22657    11426     2355      961      467      526      426 |     49773
                                   1470     4312    25103    45463    14212     3323     1400     1700      881 |     97864
                 mnwc_pysurfex      812     1589     6345    16843    22913     5909     1995     2165     1725 |     60296
                                    383      597     2596     8165     9423     6667     2470     1372     1204 |     32877
                                    257      300     1399     3660     3865     2101     2047      665      322 |     14616
                                    210      322     1797     3172     2968     1566     1452     1933      445 |     13865
                                   2737     4280     9142    20351    25591    14146    10188    17112    18566 |    122113

                    SUM           15293    35608    77894   111352    82154    35035    20269    26004    24269 |    427878

